0
0.0232365160237015
0.0580300171257906
0.0889920422659653
0.116530668523306
0.14689227719389
0.187441049201519
0.206197526318886
0.233870910986201
0.266458191009063
0.299791045061944
0.317589405519292
0.350133996558382
0.384137534855857
0.411703511677766
0.448084181443317
0.482136222982705
0.496855834889584
0.529361689652457
0.571325453680466
0.590573732762503
0.613387001943047
0.63944021752004
0.661537770897937
0.686314350783101
0.726616304890696
0.747410375162736
0.784851841975404
0.815015288707906
0.841275170267095
0.864612139427181
0.89611796368713
0.931977956834205
0.965311950916976
0.990982625444389
1.01926574812286
1.04338485681856
1.06784404828584
1.11107963498481
1.13870998451654
1.16125748515836
1.18345121009513
1.20337642190885
1.22708315147779
1.25947151444277
1.2842298856257
1.30718352212664
1.32640338019535
1.35624113476075
1.38278960449506
1.3991959238014
1.43751678434908
1.47086502768419
1.49959309220483
1.52565212536479
1.56584791487217
1.58924388454307
1.61494486307176
1.65264653845499
1.67458077888924
1.70369843628084
1.7371661159392
1.76584301746796
1.79443371300218
1.81313723440908
1.84702317543852
1.87647770371137
1.8998015119509
1.91699725959342
1.94088875932778
1.98278681565996
2.01763233186562
2.03267404599904
2.06926344033828
2.09800184580535
2.13792778764496
2.15894466974446
2.20148883153384
2.22475786992219
2.26028487164787
2.27614631153599
2.30663480987673
2.3426978381284
2.370371936643
2.40098133875545
2.43055830322529
2.46566114655948
2.4879311756212
2.50792953584234
2.5510947571531
2.5794968362437
2.61249474609818
2.65281992616319
2.68304739871733
2.71061515491439
2.7394101131704
2.76031541357443
2.78741645231889
2.81770145939978
2.84269059649843
2.86865941860494
